my_custom_palette <-  c(
  "#000f82", "#001385", "#011789", "#011b8d", "#021f91", "#022395", "#032798", "#042b9c",
  "#042fa0", "#0533a4", "#0537a8", "#063bab", "#073faf", "#0743b3", "#0847b7", "#084bbb",
  "#094fbf", "#0a53c2", "#0a57c6", "#0b5bca", "#0b5fce", "#0c63d2", "#0d67d5", "#0d6bd9",
  "#0e6fdd", "#0e73e1", "#0f77e5", "#107be8", "#107fec", "#1183f0", "#1187f4", "#128bf8",
  "#1390fc", "#1693f8", "#1996f4", "#1c9af0", "#1f9dec", "#22a1e8", "#25a4e4", "#28a8e0",
  "#2cabdc", "#2faed8", "#32b2d4", "#35b5d0", "#38b9cc", "#3bbcc8", "#3ec0c4", "#41c3c0",
  "#45c7bc", "#48cab8", "#4bcdb4", "#4ed1b0", "#51d4ac", "#54d8a8", "#57dba4", "#5adfa0",
  "#5ee29c", "#61e598", "#64e994", "#67ec90", "#6af08c", "#6df388", "#70f784", "#73fa80",
  "#77fe7c", "#7bf978", "#7ff575", "#83f171", "#88ed6e", "#8ce96a", "#90e567", "#94e063",
  "#99dc60", "#9dd85c", "#a1d459", "#a5d055", "#aacc52", "#aec74e", "#b2c34b", "#b6bf47",
  "#bbbb44", "#bfb741", "#c3b33d", "#c7af3a", "#ccaa36", "#d0a633", "#d4a22f", "#d89e2c",
  "#dd9a28", "#e19625", "#e59121", "#e98d1e", "#ee891a", "#f28517", "#f68113", "#fa7d10",
  "#ff790d", "#fb750c", "#f8720c", "#f56f0b", "#f26c0b", "#ef690a", "#eb660a", "#e8630a",
  "#e56009", "#e25c09", "#df5908", "#db5608", "#d85308", "#d55007", "#d24d07", "#cf4a06",
  "#cc4706", "#c84306", "#c54005", "#c23d05", "#bf3a04", "#bc3704", "#b83404", "#b53103",
  "#b22e03", "#af2a02", "#ac2702", "#a82402", "#a52101", "#a21e01", "#9f1b00", "#9c1800",
  "#991500"
)